---- captured 1009 ms -- 241 values ----
260 1740
260 892
260 684
260 688
268 896
260 1732
264 1948
264 680
260 1932
264 1716
260 900
260 692
260 692
264 1936
260 692
264 45176
260 1936
272 684
268 680
268 892
272 692
268 892
264 684
264 1932
260 692
260 692
268 1924
260 1716
264 1936
260 692
268 1932
260 45080
256 1920
256 696
256 900
260 700
260 692
260 1936
256 1724
260 892
260 1732
260 1924
268 692
260 900
268 680
264 1716
264 864
268 45156
260 1740
264 904
260 692
264 892
256 688
264 900
260 700
260 1736
256 896
256 692
260 1936
256 1724
260 1940
260 700
260 1740
264 45192
268 1904
256 692
268 900
260 692
260 904
264 1736
264 1728
260 896
260 1716
260 1932
260 696
264 908
260 688
264 1732
264 904
260 45228
260 1716
260 692
264 904
260 692
260 896
256 688
264 688
236 1928
260 900
268 680
272 1908
268 1728
264 1724
272 892
256 1720
264 45268
260 1736
268 892
256 688
264 900
260 688
256 1932
264 1736
260 692
260 1932
260 1732
264 896
260 692
264 904
260 1720
256 692
264 45184
260 1956
260 696
264 688
268 900
264 696
264 900
260 696
256 1920
264 692
260 696
268 1936
260 1732
264 1924
264 692
260 1928
256 45172
268 1708
260 900
268 692
268 680
260 896
268 1732
268 1896
264 680
272 1920
256 1740
264 900
264 692
260 904
256 1744
264 688
268 45216
260 1916
260 700
260 688
268 892
256 688
264 892
260 700
260 1940
264 684
264 688
264 1944
256 1740
260 1916
260 692
260 1940
268 45148
260 1732
260 908
260 688
264 692
260 904
256 1732
260 1924
260 688
264 1912
256 1724
264 904
260 692
260 692
264 1944
260 692
264 45164
264 1916
264 684
272 876
260 692
268 904
264 692
260 688
272 1936
264 692
260 900
260 1740
260 1728
260 1936
260 696
268 1952
260 45120
256 1732
264 904
260 692
264 904
260 692
260 1732
264 1928
260 688
268 1936
268 1728
256 900
268 680
264 684
264 1928
268 684
272 45160
260 1936
256 700
260 900
260 692
260 700
264 896
260 692
260 1932
260 692
260 900
260 1732
260 1924
264 1712
260 692
232 1928
264 45152
260 1932
260 688
264 692
232 892
264 688
268 1932
264 1736
264 896
264 1732
260 1944
256 688
264 900
264 696
260 1732
264 896
260 45164
0 0
1009256 us
