---- captured 1009 ms -- 139 values ----
260 8004
264 16740
268 16064
260 7996
264 272
268 7580
264 8056
264 8184
260 8044
264 8008
260 8092
260 8012
456 8000
260 8052
472 7796
660 7632
456 8024
260 8000
256 7980
260 272
264 7588
260 8180
260 7932
456 7928
268 8132
456 7748
264 272
256 7584
256 8112
256 8144
452 7756
256 276
260 7556
472 7952
468 7764
456 7940
256 8152
256 7940
260 280
264 7544
468 7960
468 7736
644 7760
260 8136
464 7732
260 276
268 7612
260 8060
260 8172
264 7948
260 272
260 7596
260 7980
260 268
260 7572
456 8000
260 8036
260 7988
260 272
264 7612
260 8076
468 7812
260 8188
260 7972
260 8196
260 7964
260 8072
260 8144
468 7772
664 7624
456 7984
448 7808
260 8076
260 268
260 7560
264 8156
468 7776
264 8180
260 8076
260 7972
664 7644
472 8004
260 8076
448 7824
472 7840
260 7980
260 268
268 7588
260 8020
260 280
264 7620
264 8004
264 264
264 7636
260 7944
612 7784
260 8036
260 276
260 7628
260 7968
256 276
260 7604
268 8172
260 7936
468 7944
448 7768
648 7808
476 7756
456 7944
264 8144
260 7940
260 272
264 7604
260 8152
256 7968
256 8004
640 7808
264 8144
260 7972
260 8184
256 8040
452 7840
468 7860
260 8020
260 272
280 7576
256 8084
468 7892
456 7756
256 276
268 7612
260 8012
260 280
264 7604
268 8028
268 8188
456 7840
260 8020
0 0
1008296 us
---- captured 1001 ms -- 144 values ----
260 8020
264 8040
264 8064
232 272
264 7648
268 7972
272 272
232 7632
264 8128
260 8076
260 8004
472 7864
260 8012
260 272
268 7608
264 8072
260 8004
264 8216
260 7988
260 8004
260 280
264 7668
456 7840
472 7852
460 7788
256 276
260 7568
256 8148
472 7752
468 7992
264 7988
264 8152
260 7940
456 7952
456 7928
468 7736
256 276
260 7560
476 7944
468 7748
464 7960
456 7884
256 8012
260 276
268 7548
260 8020
260 280
264 7548
456 8028
264 8060
260 8044
468 7796
260 8004
260 276
260 7668
260 8036
260 8092
260 8100
468 7828
260 8012
260 276
268 7648
464 7892
260 7904
668 7656
268 268
260 7700
260 8032
476 7836
256 8020
260 276
268 7684
448 7824
468 7904
256 8036
476 7828
260 8008
256 272
264 7676
472 7816
468 7884
448 7888
468 7820
260 8064
476 7888
260 7996
260 268
268 7604
260 8044
260 8028
456 7876
264 268
260 7644
456 7816
260 8052
260 8180
260 8044
476 7772
260 276
260 7600
264 7996
260 272
264 7548
260 8180
464 7828
256 7964
260 276
260 7564
452 7992
472 7748
456 7960
468 7820
260 8196
260 7944
256 8020
264 280
260 7592
260 8024
264 272
260 7612
260 8160
256 7948
468 7936
464 7916
464 7720
260 268
260 7660
260 8056
476 7808
260 8112
256 8116
260 8084
472 7792
260 8052
268 268
260 7684
456 7712
260 276
260 7628
260 8080
468 7784
260 8092
664 7692
260 0
1000232 us
---- captured 1007 ms -- 143 values ----
264 8028
264 8064
264 8048
260 8028
260 8076
268 8184
268 8056
260 8012
472 7848
260 7992
256 272
264 7580
260 8172
472 7824
268 8012
260 276
276 7584
256 8036
260 8036
468 7844
260 284
260 7612
268 8004
264 272
260 7564
260 8180
260 7972
260 8052
260 276
260 7584
256 8008
256 276
260 7572
268 8004
264 272
260 7540
648 7812
464 7844
260 7984
256 284
260 7556
456 7972
464 7812
268 7996
260 276
264 7544
664 7756
256 7972
648 7728
260 276
260 7568
264 8156
464 7752
456 7952
468 7756
648 7732
256 280
264 7556
260 8176
264 7940
472 7932
464 7836
260 8148
260 7948
456 7972
444 7924
468 7752
268 268
260 7564
260 8180
260 8060
464 7792
260 8012
456 8056
268 7980
260 8100
468 7804
260 8092
472 7880
260 7996
260 280
264 7620
468 7864
468 7876
460 7808
260 7996
648 7848
260 7972
260 8112
256 8124
456 7896
260 8012
260 8092
468 7812
260 8060
260 280
264 7628
456 7856
472 7864
260 8060
448 7888
260 8028
260 8104
256 8084
472 7792
472 7856
264 272
260 7664
256 7936
256 276
260 7620
260 8060
260 8164
472 7864
264 8048
472 7832
448 7776
448 7944
260 8176
468 7760
260 8028
460 8004
264 8064
260 7956
260 276
260 7620
260 7980
260 268
264 7560
468 7996
260 7996
264 8000
268 264
264 7604
260 8016
256 276
260 7568
256 8016
256 272
264 7556
456 8044
264 7968
0 0
1008264 us
---- captured 1001 ms -- 139 values ----
260 8084
264 16384
264 8088
272 8132
268 8040
264 8072
264 8072
264 8016
260 8092
260 8108
272 8080
260 7996
260 8004
456 7872
260 276
268 7608
256 8052
260 8020
664 7856
260 8020
456 7912
260 8068
260 7996
260 8004
456 8056
268 7988
260 8112
264 8100
456 7800
468 7892
456 7888
472 7804
256 8076
264 7980
644 7760
260 8068
260 8004
260 276
268 7604
260 8100
472 7840
268 8028
260 276
260 7600
256 8044
260 8180
456 7776
260 8184
444 7824
468 7788
472 7980
256 8028
260 8004
260 276
268 7536
256 8176
468 7752
456 7844
264 276
260 7592
264 8020
260 276
260 7564
448 7936
260 8164
468 7768
256 8172
468 7876
260 8060
464 7812
464 7884
260 8060
452 7832
256 8184
256 8020
260 7956
264 272
260 7688
452 7864
472 7840
260 8092
472 7868
260 7964
264 264
264 7628
260 8020
260 272
272 7668
456 7800
468 7828
260 7988
264 276
256 7648
256 7988
260 276
260 7684
260 8004
260 8088
256 8036
656 7696
260 8088
264 8096
472 7828
260 8052
260 8020
260 268
268 7660
476 7820
472 7824
264 8008
268 276
260 7604
260 8044
260 272
264 7676
456 7696
260 276
264 7608
260 8004
260 276
260 7556
456 8028
256 7988
260 8004
260 272
268 7580
256 8204
260 8040
264 7980
664 7800
456 7872
260 7948
260 8032
256 272
264 7620
260 7992
256 272
264 7564
264 0
1000248 us
